48
161
179
208
226
227
287
294
322
338
376
399
447
455
541
558
566
580
823
823
871
883
883
889
902
902
905
908
926
926
954
956
984
997
1025
1041
1060
1094
1106
1164
1170
1211
1226
1257
1264
1371
1405
1464
1465
1490
1521
1548
1596
1604
1636
1703
1899
1905
1918
1956
1980
2066
2144
2148
2242
2391
2415
2427
2475
2569
2570
2575
2705
2720
2739
2821
2922
2941
2997
3066
3069
3148
3191
3216
3223
3280
3313
3325
3432
3435
3446
3529
3564
3599
3632
3651
3661
3662
3696
3752
3757
3758
3769
3784
3847
3884
3902
3948
3962
4003
4082
4090
4092
4179
4192
4263
4356
4441
4515
4553
4560
4583
4655
4655
4667
4695
4715
4717
4725
4727
4730
4755
4777
4855
4856
4863
4982
4989
5031
5033
5054
5069
5078
5146
5205
5224
5284
5325
5399
5433
5450
5476
5528
5532
5592
5609
5615
5663
5703
5712
5718
5724
5726
5755
5773
5781
5830
5840
5869
5873
5887
5900
5908
5975
5981
6011
6149
6153
6202
6218
6222
6308
6317
6368
6420
6577
6603
6618
6622
6626
6671
6676
6677
6687
6801
6854
6926
6948
6994
7003
7022
7030
7038
7051
7083
7094
7143
7230
7275
7359
7373
7382
7407
7447
7478
7480
7561
7567
7579
7587
7627
7638
7663
7741
7760
7800
7803
7824
7837
7843
7893
7896
7900
7993
8025
8124
8141
8236
8304
8320
8367
8370
8517
8531
8542
8573
8618
8624
8635
8651
8691
8733
8750
8771
8799
8845
8858
8906
8962
8988
9066
9082
9086
9122
9172
9202
9247
9342
9376
9395
9407
9420
9453
9459
9521
9536
9556
9571
9613
9633
9657
9671
9707
9717
9728
9805
9831
9849
9896
9905
9910
9918
9925
9953
9959
9960
9987
10102
10128
10141
10162
10196
10198
10214
10224
10250
10343
10381
10394
10459
10481
10520
10538
10616
10669
10703
10754
10784
10845
10893
10894
11067
11115
11163
11174
11206
11222
11263
11285
11295
11304
11314
11318
11377
11402
11523
11567
11567
11581
11633
11639
11695
11724
11747
11756
11766
11775
11904
11925
11948
11970
11981
11992
12039
12102
12105
12121
12122
12143
12151
12153
12163
12207
12215
12226
12234
12235
12275
12377
12389
12439
12464
12516
12521
12544
12552
12580
12620
12627
12655
12701
12767
12785
12804
12826
12845
12859
12902
12969
13045
13060
13085
13127
13132
13138
13169
13208
13226
13272
13353
13381
13393
13436
13501
13562
13579
13669
13714
13741
13799
13816
13829
13882
13882
13939
13944
13950
14010
14046
14089
14103
14133
14141
14184
14199
14245
14324
14392
14465
14494
14521
14523
14564
14566
14590
14590
14617
14652
14710
14721
14732
14737
14812
14817
14831
14867
14879
14889
14890
14901
15040
15063
15065
15121
15126
15134
15156
15159
15189
15192
15210
15259
15266
15298
15346
15348
15354
15360
15360
15368
15403
15408
15491
15556
15592
15592
15597
15628
15664
15731
15749
15773
15786
15790
15809
15869
15895
15957
15962
15969
15982
15996
16013
16027
16060
16074
16112
16141
16161
16186
16226
16230
16251
16326
16330
16334
16340
16356
16505
16506
16519
16542
16561
16568
16616
16663
16670
16683
16687
16719
16727
16800
16809
16904
16921
16935
17004
17022
17149
17170
17182
17183
17208
17244
17281
17296
17304
17323
17336
17365
17365
17437
17473
17512
17545
17549
17593
17600
17603
17605
17607
17610
17613
17615
17655
17708
17713
17768
17783
17815
17830
17876
17905
17936
17986
17996
18055
18076
18127
18167
18273
18319
18326
18329
18346
18374
18432
18522
18536
18548
18580
18687
18710
18741
18756
18756
18839
18850
18906
18921
18923
19038
19078
19164
19168
19239
19262
19308
19330
19347
19356
19466
19527
19584
19593
19600
19708
19733
19734
19828
19834
19850
19889
19913
19950
19977
20073
20092
20096
20097
20111
20130
20141
20144
20146
20150
20163
20222
20244
20298
20344
20385
20410
20444
20476
20491
20507
20541
20585
20617
20620
20661
20779
20843
20850
20853
21062
21087
21253
21260
21274
21295
21303
21306
21322
21329
21335
21390
21401
21451
21460
21485
21509
21514
21555
21619
21636
21713
21744
21750
21752
21930
22228
22236
22236
22238
22313
22376
22551
22552
22595
22598
22612
22617
22626
22626
22681
22800
22974
23046
23052
23070
23083
23123
23146
23234
23242
23248
23248
23295
23328
23453
23459
23476
23567
23589
23685
23765
23767
23826
23865
23887
23921
23965
23982
23997
24031
24032
24108
24147
24159
24161
24204
24305
24388
24396
24435
24450
24477
24479
24487
24528
24548
24557
24623
24632
24650
24671
24747
24779
24838
24850
24867
24869
24988
25029
25071
25094
25138
25221
25267
25296
25313
25360
25362
25381
25388
25388
25396
25410
25420
25466
25488
25499
25519
25554
25560
25579
25583
25590
25626
25635
25666
25684
25723
25726
25859
25953
25976
26069
26075
26096
26116
26118
26132
26162
26173
26181
26216
26232
26235
26312
26374
26411
26431
26431
26440
26492
26546
26599
26602
26672
26684
26695
26702
26728
26731
26743
26849
26972
26990
27053
27092
27119
27124
27156
27182
27213
27225
27300
27329
27347
27355
27364
27432
27460
27519
27527
27541
27566
27585
27599
27606
27619
27670
27675
27698
27782
27788
27817
27823
27823
27854
27897
27919
27938
27962
28025
28030
28106
28131
28135
28219
28223
28227
28240
28243
28247
28249
28252
28253
28268
28316
28319
28385
28421
28430
28456
28480
28511
28548
28550
28570
28577
28638
28697
28773
28798
28804
28818
28847
28867
28926
28980
29021
29032
29065
29078
29116
29224
29317
29401
29437
29442
29482
29560
29579
29584
29590
29640
29645
29660
29680
29778
29792
29817
29834
29895
29914
29930
29942
29980
30033
30061
30067
30073
30081
30096
30104
30157
30187
30202
30256
30299
30320
30332
30339
30395
30407
30426
30449
30492
30579
30601
30614
30617
30624
30714
30835
30925
31094
31172
31214
31251
31271
31289
31292
31356
31384
31386
31387
31421
31440
31494
31513
31549
31558
31562
31569
31575
31577
31599
31607
31631
31634
31694
31750
31764
31776
31788
31795
31863
31868
31871
31882
31888
32027
32045
32048
32082
32101
32115
32138
32162
32182
32189
32222
32232
32254
32307
32308
32313
32323
32334
32363
32502
32559
32580
32615
32669
